1722227882525 0.2956744432449341 0
1722227883692 0.3537653684616089 0
1722227884885 0.28465649485588074 0
1722227886046 0.29069066047668457 0
1722227887175 0.10564371198415756 0
1722227888337 0.13687942922115326 0
1722227889552 0.11406523734331131 0
1722227890793 0.07943125069141388 0
1722227892043 0.05612802132964134 0
1722227893247 0.05171297490596771 0
1722227894454 0.08933069556951523 0
1722227895676 0.051336225122213364 0
1722227896917 0.08378829061985016 0
1722227898145 0.059892620891332626 0
1722227899367 0.07132599502801895 0
1722227900556 0.08022680133581161 0
1722227901768 0.11589936912059784 0
1722227902974 0.05590495094656944 0
1722227904202 0.0335153304040432 0
1722227905396 0.01828557811677456 0
1722227906605 0.11364486813545227 0
1722227907797 0.0510978065431118 0
1722227908992 0.05869809538125992 0
1722227910205 0.08614731580018997 0
1722227911419 0.04941406100988388 0
1722227912615 0.02232065051794052 0
1722227913801 0.10160378366708755 0
1722227915017 0.07830911874771118 0
1722227916212 0.007944615557789803 0
1722227917420 0.02028491534292698 0
