1722228489648 0.47304481267929077 0
1722228490844 0.19491729140281677 1
1722228492027 0.25903424620628357 2
1722228493178 0.2106693834066391 3
1722228494337 0.15672755241394043 4
1722228495503 0.16496898233890533 5
1722228496731 0.27652880549430847 0
1722228497955 0.10570542514324188 2
1722228499185 0.1875036656856537 4
1722228500412 0.15688471496105194 6
1722228501644 0.04118425399065018 8
1722228502862 0.24408020079135895 10
1722228504093 0.15896037220954895 0
1722228505330 0.07505311071872711 3
1722228506537 0.08449890464544296 6
1722228507753 0.14520105719566345 9
1722228508981 0.025410421192646027 12
1722228510199 0.037841614335775375 15
1722228511468 0.04592399299144745 0
1722228512710 0.027730539441108704 4
1722228513944 0.008236397057771683 8
1722228515191 0.05543173477053642 12
1722228516455 0.11288030445575714 16
1722228517727 0.09084606170654297 20
1722228519017 0.037857044488191605 0
1722228520262 0.008038777858018875 5
1722228521503 0.03853468596935272 10
1722228522755 0.043820641934871674 15
1722228523992 0.010426529683172703 20
1722228525244 0.07007093727588654 25
