1722250612880 0.8600000143051147 0
1722250614380 0.9399999976158142 0
1722250615648 0.9399999976158142 0
1722250616933 0.9700000286102295 0
1722250618159 0.9700000286102295 0
1722250619461 0.9700000286102295 0
1722250620796 0.9800000190734863 0
1722250622065 0.9599999785423279 0
1722250623336 0.9700000286102295 0
1722250624631 0.9700000286102295 0
1722250625929 0.9800000190734863 0
1722250627209 0.9900000095367432 0
1722250628535 0.9700000286102295 0
1722250629755 0.9900000095367432 0
1722250631166 0.9800000190734863 0
1722250632396 0.9700000286102295 0
1722250633687 0.9599999785423279 0
1722250634974 0.949999988079071 0
1722250636269 0.9700000286102295 0
1722250637564 0.9900000095367432 0
1722250638833 1.0 0
1722250640120 0.9599999785423279 0
1722250641360 0.9900000095367432 0
1722250642735 0.9800000190734863 0
1722250644023 0.9900000095367432 0
1722250645259 0.9900000095367432 0
1722250646508 1.0 0
1722250647755 0.9900000095367432 0
1722250649207 0.9700000286102295 0
1722250650440 0.9900000095367432 0
