1722250612902 0.44367164373397827 0
1722250614401 0.2834494113922119 1
1722250615669 0.15594415366649628 2
1722250616954 0.14807581901550293 3
1722250618179 0.09175759553909302 4
1722250619481 0.09207098186016083 5
1722250620816 0.061039816588163376 0
1722250622084 0.16010788083076477 2
1722250623356 0.08990166336297989 4
1722250624651 0.08439770340919495 6
1722250625949 0.08408437669277191 8
1722250627230 0.029393909499049187 10
1722250628554 0.06306102871894836 0
1722250629776 0.05384965240955353 3
1722250631186 0.07625416666269302 6
1722250632417 0.08706184476613998 9
1722250633718 0.1407163143157959 12
1722250634994 0.08741080015897751 15
1722250636289 0.047717105597257614 0
1722250637585 0.0495920293033123 4
1722250638852 0.01454698946326971 8
1722250640140 0.07106853276491165 12
1722250641381 0.05336428061127663 16
1722250642755 0.05851764604449272 20
1722250644042 0.030713878571987152 0
1722250645279 0.020404305309057236 5
1722250646528 0.004567230120301247 10
1722250647775 0.03223565220832825 15
1722250649228 0.07528065145015717 20
1722250650460 0.04073236510157585 25
