1722250612890 0.8600000143051147 0
1722250614390 0.9399999976158142 0
1722250615658 0.9399999976158142 0
1722250616943 0.9700000286102295 0
1722250618169 0.9700000286102295 0
1722250619471 0.9700000286102295 0
1722250620806 0.9800000190734863 0
1722250622075 0.9599999785423279 0
1722250623346 0.9700000286102295 0
1722250624641 0.9700000286102295 0
1722250625939 0.9800000190734863 0
1722250627219 0.9900000095367432 0
1722250628545 0.9700000286102295 0
1722250629766 0.9900000095367432 0
1722250631176 0.9800000190734863 0
1722250632406 0.9700000286102295 0
1722250633708 0.9599999785423279 0
1722250634984 0.949999988079071 0
1722250636279 0.9700000286102295 0
1722250637574 0.9900000095367432 0
1722250638843 1.0 0
1722250640131 0.9599999785423279 0
1722250641371 0.9900000095367432 0
1722250642745 0.9800000190734863 0
1722250644033 0.9900000095367432 0
1722250645269 0.9900000095367432 0
1722250646518 1.0 0
1722250647765 0.9900000095367432 0
1722250649218 0.9700000286102295 0
1722250650450 0.9900000095367432 0
