1722269923758 0.39210620522499084 10000
1722269925934 0.2182205617427826 20000
1722269928090 0.274053156375885 30000
1722269931575 0.16570426523685455 10100
1722269933806 0.17049619555473328 20100
1722269936027 0.15584531426429749 30100
1722269939406 0.11346381157636642 10200
1722269941577 0.06253166496753693 20200
1722269943869 0.048203371465206146 30200
1722269947298 0.1028067097067833 10300
1722269949487 0.0773080587387085 20300
1722269951991 0.11041395366191864 30300
1722269955434 0.03423556685447693 10400
1722269957621 0.051878537982702255 20400
1722269959851 0.07244207710027695 30400
