1722269923768 0.8736199140548706 10000
1722269925944 0.9117414355278015 20000
1722269928100 0.923444390296936 30000
1722269931594 0.9628007411956787 10100
1722269933815 0.9576734304428101 20100
1722269936038 0.9698935747146606 30100
1722269939417 0.94498211145401 10200
1722269941587 0.9850000143051147 20200
1722269943878 0.9850094318389893 30200
1722269947308 0.9766181111335754 10300
1722269949497 0.9814444184303284 20300
1722269952000 0.9608028531074524 30300
1722269955444 0.9824509620666504 10400
1722269957630 0.9743654131889343 20400
1722269959872 0.9841270446777344 30400
