1722269923778 0.8694755434989929 10000
1722269925954 0.9143117070198059 20000
1722269928111 0.9211118221282959 30000
1722269931606 0.9598554372787476 10100
1722269933825 0.9576106071472168 20100
1722269936048 0.9700068235397339 30100
1722269939426 0.9449751973152161 10200
1722269941597 0.9834333062171936 20200
1722269943888 0.9857964515686035 30200
1722269947317 0.9755985140800476 10300
1722269949506 0.9798716306686401 20300
1722269952010 0.9612345695495605 30300
1722269955453 0.9829954504966736 10400
1722269957640 0.9746864438056946 20400
1722269959881 0.9826787710189819 30400
