1722364975434 0.8451722860336304 100
1722364977656 0.8832696676254272 200
1722364979876 0.9010157585144043 300
1722364983206 0.9502310752868652 400
1722364985496 0.9539485573768616 500
1722364987795 0.9558472037315369 600
1722364991227 0.9684087038040161 700
1722364993553 0.9704784750938416 800
1722364995871 0.9713954925537109 900
1722364999255 0.9760586023330688 1000
1722365001442 0.9774165153503418 1100
1722365003719 0.9781454801559448 1200
1722365007209 0.9843963384628296 1300
1722365009515 0.9835384488105774 1400
1722365011740 0.9834692478179932 1500
