1722364975446 0.8452966809272766 100
1722364977665 0.8833993673324585 200
1722364979886 0.9011147022247314 300
1722364983215 0.9502273797988892 400
1722364985506 0.9539341926574707 500
1722364987816 0.9558811187744141 600
1722364991238 0.9684304594993591 700
1722364993563 0.9704927206039429 800
1722364995882 0.9714107513427734 900
1722364999264 0.9761050343513489 1000
1722365001451 0.9774603247642517 1100
1722365003729 0.9781853556632996 1200
1722365007220 0.9843956232070923 1300
1722365009525 0.9835397005081177 1400
1722365011753 0.9834890961647034 1500
