1722364975423 0.2577424943447113 100
1722364977646 0.18044784665107727 200
1722364979866 0.13182419538497925 300
1722364983196 0.1522710919380188 400
1722364985486 0.10028960555791855 500
1722364987785 0.15514084696769714 600
1722364991217 0.10360963642597198 700
1722364993543 0.16529010236263275 800
1722364995862 0.10036011040210724 900
1722364999244 0.10914310812950134 1000
1722365001432 0.033986594527959824 1100
1722365003709 0.08089247345924377 1200
1722365007200 0.060876112431287766 1300
1722365009505 0.06985773891210556 1400
1722365011730 0.06254389137029648 1500
