1722270442779 0.34897369146347046 100
1722270445083 0.23066112399101257 200
1722270447255 0.24231040477752686 300
1722270450536 0.1783866137266159 400
1722270452814 0.1444166600704193 500
1722270455032 0.14112338423728943 600
1722270458387 0.10525710135698318 700
1722270460693 0.09284836798906326 800
1722270462971 0.10143277049064636 900
1722270466345 0.037634678184986115 1000
1722270468627 0.08450755476951599 1100
1722270470920 0.06752607226371765 1200
1722270474281 0.0912204459309578 1300
1722270476552 0.04747173190116882 1400
1722270478884 0.031181657686829567 1500
