1722270442790 0.8854925036430359 100
1722270445093 0.9090502858161926 200
1722270447265 0.9099485278129578 300
1722270450545 0.938214123249054 400
1722270452824 0.9339941740036011 500
1722270455041 0.9653496742248535 600
1722270458397 0.9762262105941772 700
1722270460703 0.9561827182769775 800
1722270462981 0.9677129983901978 900
1722270466355 0.9950000047683716 1000
1722270468637 0.9760586619377136 1100
1722270470930 0.9780701994895935 1200
1722270474291 0.986742377281189 1300
1722270476562 0.9815612435340881 1400
1722270478895 0.9866666793823242 1500
