1722270442801 0.8780295848846436 100
1722270445102 0.9111448526382446 200
1722270447275 0.903010368347168 300
1722270450555 0.9337128400802612 400
1722270452834 0.9345365762710571 500
1722270455051 0.965831995010376 600
1722270458407 0.9748305082321167 700
1722270460713 0.9558645486831665 800
1722270462990 0.9691776633262634 900
1722270466365 0.993732213973999 1000
1722270468646 0.970963716506958 1100
1722270470940 0.9750775694847107 1200
1722270474300 0.9860848188400269 1300
1722270476572 0.9805597066879272 1400
1722270478905 0.9886113405227661 1500
