1722260260784 0.23311401903629303 70000
1722260261983 0.17361587285995483 80000
1722260263231 0.17398472130298615 90000
1722260264490 0.18890303373336792 100000
1722260265735 0.15118488669395447 110000
1722260266932 0.11856473237276077 120000
1722260273401 0.07593715935945511 130000
1722260274633 0.13356241583824158 140000
1722260275873 0.08913592994213104 150000
1722260277127 0.1593026965856552 160000
1722260278358 0.0533047690987587 170000
1722260279579 0.12577635049819946 180000
1722260285743 0.08852250128984451 190000
1722260286985 0.11903958022594452 200000
1722260288213 0.08145542442798615 210000
1722260289495 0.03612346947193146 220000
1722260290769 0.1740104854106903 230000
1722260292054 0.040707480162382126 240000
1722260298142 0.07639804482460022 250000
1722260299510 0.09284928441047668 260000
1722260300778 0.07780666649341583 270000
1722260302074 0.06501313298940659 280000
1722260303307 0.056450892239809036 290000
1722260304593 0.028288280591368675 300000
1722260310730 0.03296874836087227 310000
1722260312045 0.009561060927808285 320000
1722260313353 0.0322997123003006 330000
1722260314674 0.016503948718309402 340000
1722260315905 0.009212854318320751 350000
1722260317124 0.00982852652668953 360000
