1722260260795 0.9393315315246582 70000
1722260261993 0.9655681848526001 80000
1722260263241 0.9472222328186035 90000
1722260264501 0.9438577890396118 100000
1722260265746 0.9674999713897705 110000
1722260266942 0.9641233682632446 120000
1722260273411 1.0 130000
1722260274643 0.9116986989974976 140000
1722260275883 0.9749999642372131 150000
1722260277137 0.963131308555603 160000
1722260278369 0.9800000190734863 170000
1722260279589 0.9242522120475769 180000
1722260285753 0.9700855016708374 190000
1722260286995 0.9724664688110352 200000
1722260288233 0.9732142686843872 210000
1722260289506 0.9916666746139526 220000
1722260290778 0.9601388573646545 230000
1722260292064 0.985714316368103 240000
1722260298152 0.9614285230636597 250000
1722260299520 0.9605555534362793 260000
1722260300788 0.9777777791023254 270000
1722260302083 0.9746752977371216 280000
1722260303317 0.9888888597488403 290000
1722260304606 0.9916666746139526 300000
1722260310740 0.9744444489479065 310000
1722260312055 1.0 320000
1722260313372 0.992307722568512 330000
1722260314683 1.0 340000
1722260315915 1.0 350000
1722260317134 1.0 360000
