1722260260805 0.9329035878181458 70000
1722260262003 0.9628068208694458 80000
1722260263251 0.9481313228607178 90000
1722260264511 0.9332385063171387 100000
1722260265755 0.9680464267730713 110000
1722260266951 0.9639346599578857 120000
1722260273421 1.0 130000
1722260274652 0.9228399395942688 140000
1722260275893 0.979523777961731 150000
1722260277147 0.9630781412124634 160000
1722260278379 0.9758990406990051 170000
1722260279599 0.9313442707061768 180000
1722260285763 0.9665445685386658 190000
1722260287005 0.9716115593910217 200000
1722260288243 0.9732142686843872 210000
1722260289516 0.9879599213600159 220000
1722260290788 0.9498411417007446 230000
1722260292074 0.9723076820373535 240000
1722260298162 0.9573730230331421 250000
1722260299530 0.9601932764053345 260000
1722260300798 0.9800251722335815 270000
1722260302093 0.9704837203025818 280000
1722260303328 0.989355742931366 290000
1722260304616 0.988985538482666 300000
1722260310750 0.9780440330505371 310000
1722260312064 1.0 320000
1722260313389 0.9901176691055298 330000
1722260314693 1.0 340000
1722260315924 1.0 350000
1722260317144 1.0 360000
