1722269698492 0.9289482831954956 100
1722269700655 0.9514478445053101 200
1722269702760 0.9587624073028564 300
1722269705879 0.9367462396621704 60100
1722269707960 0.9690001010894775 60200
1722269710105 0.9862200021743774 60300
1722269713319 0.959447979927063 120100
1722269715480 0.9858577251434326 120200
1722269717648 0.9526034593582153 120300
1722269720860 0.9834943413734436 180100
1722269723043 0.9682008028030396 180200
1722269725208 0.9899953603744507 180300
1722269728450 0.9798567295074463 240100
1722269730650 0.9883410930633545 240200
1722269732946 0.9906713962554932 240300
