1722269698472 0.26113390922546387 100
1722269700635 0.19216392934322357 200
1722269702742 0.13998912274837494 300
1722269705860 0.1774497628211975 60100
1722269707940 0.1034495085477829 60200
1722269710085 0.08524467796087265 60300
1722269713300 0.07666243612766266 120100
1722269715461 0.05551135540008545 120200
1722269717628 0.13729536533355713 120300
1722269720840 0.08077376335859299 180100
1722269723024 0.08268676698207855 180200
1722269725188 0.03855061158537865 180300
1722269728429 0.055797070264816284 240100
1722269730631 0.04406629875302315 240200
1722269732915 0.0394403375685215 240300
