1722269698482 0.9237073659896851 100
1722269700645 0.9556786417961121 200
1722269702750 0.962005615234375 300
1722269705870 0.9393438100814819 60100
1722269707950 0.9688852429389954 60200
1722269710095 0.9870370626449585 60300
1722269713309 0.9628634452819824 120100
1722269715471 0.9849206805229187 120200
1722269717638 0.9558479189872742 120300
1722269720851 0.9823529720306396 180100
1722269723034 0.970923662185669 180200
1722269725198 0.9912878274917603 180300
1722269728440 0.9817805886268616 240100
1722269730641 0.9902777671813965 240200
1722269732936 0.9904762506484985 240300
