1722270259929 0.9037546515464783 10000
1722270262190 0.9558658599853516 20000
1722270264444 0.9484435319900513 30000
1722270267869 0.9799206256866455 10300
1722270270152 0.966408908367157 20300
1722270272350 0.9744110703468323 30300
1722270275688 0.9804511070251465 10600
1722270277987 0.9624453186988831 20600
1722270280256 0.9616681337356567 30600
1722270283583 0.9691562056541443 10900
1722270285822 0.9799038171768188 20900
1722270288070 0.9830198884010315 30900
1722270291371 0.9944444894790649 11200
1722270293552 0.9961538314819336 21200
1722270295757 0.9805451035499573 31200
