1722270259949 0.9050172567367554 10000
1722270262200 0.9590714573860168 20000
1722270264453 0.9473127722740173 30000
1722270267880 0.9798329472541809 10300
1722270270161 0.9659420847892761 20300
1722270272364 0.9705604910850525 30300
1722270275697 0.9796995520591736 10600
1722270277997 0.9647555351257324 20600
1722270280265 0.9595737457275391 30600
1722270283593 0.966383695602417 10900
1722270285832 0.9830645322799683 20900
1722270288079 0.9813877940177917 30900
1722270291381 0.9945787191390991 11200
1722270293563 0.9953365325927734 21200
1722270295766 0.9813161492347717 31200
