1722270259918 0.35641613602638245 10000
1722270262180 0.18008717894554138 20000
1722270264434 0.14387017488479614 30000
1722270267859 0.0947609692811966 10300
1722270270142 0.14091485738754272 20300
1722270272340 0.17197297513484955 30300
1722270275678 0.07377269864082336 10600
1722270277976 0.1006629690527916 20600
1722270280245 0.0824042335152626 30600
1722270283572 0.10259628295898438 10900
1722270285811 0.06508922576904297 20900
1722270288060 0.07577341794967651 30900
1722270291361 0.026967672631144524 11200
1722270293542 0.028332090005278587 21200
1722270295736 0.07106900960206985 31200
