1722251294834 0.9300000071525574 70000
1722251296048 0.8899999856948853 80000
1722251297226 0.9800000190734863 90000
1722251298415 0.9300000071525574 100000
1722251299586 0.9800000190734863 110000
1722251300765 0.9700000286102295 120000
1722251301998 0.9599999785423279 130000
1722251303244 0.9800000190734863 140000
1722251304598 0.9599999785423279 150000
1722251305818 0.9599999785423279 160000
1722251307034 0.9700000286102295 170000
1722251308253 0.9399999976158142 180000
1722251309507 0.9900000095367432 190000
1722251310734 0.9800000190734863 200000
1722251311969 1.0 210000
1722251313232 1.0 220000
1722251314464 0.9800000190734863 230000
1722251315673 0.9800000190734863 240000
1722251316896 0.9599999785423279 250000
1722251318136 0.9700000286102295 260000
1722251319539 0.9800000190734863 270000
1722251320766 0.9800000190734863 280000
1722251322028 0.9900000095367432 290000
1722251323355 0.9800000190734863 300000
1722251324666 1.0 310000
1722251325911 0.9900000095367432 320000
1722251327174 0.9900000095367432 330000
1722251328448 0.9900000095367432 340000
1722251329734 1.0 350000
1722251331007 0.9900000095367432 360000
