1722251294819 0.2564072012901306 70000
1722251296038 0.365356981754303 80000
1722251297215 0.11831444501876831 90000
1722251298405 0.2522174119949341 100000
1722251299577 0.15231822431087494 110000
1722251300756 0.11848416179418564 120000
1722251301988 0.10400652885437012 130000
1722251303235 0.07543469220399857 140000
1722251304587 0.11018745601177216 150000
1722251305807 0.1220664381980896 160000
1722251307024 0.11131823807954788 170000
1722251308243 0.1280340552330017 180000
1722251309497 0.046692848205566406 190000
1722251310724 0.08078911155462265 200000
1722251311947 0.01532681193202734 210000
1722251313222 0.024318210780620575 220000
1722251314454 0.04562687873840332 230000
1722251315663 0.06749661266803741 240000
1722251316887 0.09393471479415894 250000
1722251318124 0.07399038970470428 260000
1722251319529 0.13042454421520233 270000
1722251320755 0.07400896400213242 280000
1722251322019 0.06093825027346611 290000
1722251323344 0.06421627849340439 300000
1722251324656 0.012359977699816227 310000
1722251325901 0.022774090990424156 320000
1722251327164 0.023672694340348244 330000
1722251328439 0.0216923039406538 340000
1722251329724 0.01978989504277706 350000
1722251330997 0.0376223661005497 360000
