1722251294845 0.9300000071525574 70000
1722251296058 0.8899999856948853 80000
1722251297236 0.9800000190734863 90000
1722251298425 0.9300000071525574 100000
1722251299596 0.9800000190734863 110000
1722251300775 0.9700000286102295 120000
1722251302007 0.9599999785423279 130000
1722251303254 0.9800000190734863 140000
1722251304607 0.9599999785423279 150000
1722251305828 0.9599999785423279 160000
1722251307043 0.9700000286102295 170000
1722251308262 0.9399999976158142 180000
1722251309517 0.9900000095367432 190000
1722251310743 0.9800000190734863 200000
1722251311981 1.0 210000
1722251313252 1.0 220000
1722251314473 0.9800000190734863 230000
1722251315683 0.9800000190734863 240000
1722251316905 0.9599999785423279 250000
1722251318147 0.9700000286102295 260000
1722251319548 0.9800000190734863 270000
1722251320775 0.9800000190734863 280000
1722251322038 0.9900000095367432 290000
1722251323365 0.9800000190734863 300000
1722251324676 1.0 310000
1722251325929 0.9900000095367432 320000
1722251327183 0.9900000095367432 330000
1722251328457 0.9900000095367432 340000
1722251329744 1.0 350000
1722251331017 0.9900000095367432 360000
