1722267335169 0.2812013626098633 80000
1722267337426 0.22093896567821503 100000
1722267339602 0.1580815464258194 120000
1722267342899 0.15705528855323792 140000
1722267345091 0.105308897793293 160000
1722267347276 0.16165874898433685 180000
1722267350533 0.1800355762243271 200000
1722267352730 0.08511482179164886 220000
1722267354889 0.04600481688976288 240000
1722267358099 0.14393548667430878 260000
1722267360230 0.07363820821046829 280000
1722267362380 0.10897435247898102 300000
1722267365679 0.03252580016851425 320000
1722267367879 0.07016097754240036 340000
1722267370055 0.08649218827486038 360000
