1722267335179 0.9429014921188354 80000
1722267337436 0.9393655061721802 100000
1722267339613 0.9471576809883118 120000
1722267342910 0.9745331406593323 140000
1722267345100 0.9647643566131592 160000
1722267347286 0.9472891688346863 180000
1722267350544 0.9528096914291382 200000
1722267352740 0.9654178619384766 220000
1722267354899 0.9960000514984131 240000
1722267358110 0.953437864780426 260000
1722267360240 0.9819999933242798 280000
1722267362390 0.9711688160896301 300000
1722267365689 0.9956521987915039 320000
1722267367894 0.975353479385376 340000
1722267370075 0.9763491749763489 360000
