1722267335190 0.939113974571228 80000
1722267337446 0.9377577900886536 100000
1722267339623 0.9503973722457886 120000
1722267342919 0.975056529045105 140000
1722267345109 0.9662743210792542 160000
1722267347296 0.9433204531669617 180000
1722267350554 0.9545727372169495 200000
1722267352751 0.9659014344215393 220000
1722267354908 0.9952564239501953 240000
1722267358119 0.9558095335960388 260000
1722267360249 0.981121301651001 280000
1722267362399 0.9709272980690002 300000
1722267365698 0.9957369565963745 320000
1722267367906 0.9762991070747375 340000
1722267370086 0.979548990726471 360000
