1722259885331 0.8480474948883057 70000
1722259886546 0.9128447771072388 80000
1722259887780 0.9267065525054932 90000
1722259888976 0.9243041276931763 100000
1722259890188 0.9812130928039551 110000
1722259891388 0.9701820611953735 120000
1722259897560 0.9286426901817322 130000
1722259898814 0.9804762005805969 140000
1722259900044 0.9486020803451538 150000
1722259901299 0.9815093278884888 160000
1722259902589 0.9901176691055298 170000
1722259903895 0.9658834338188171 180000
1722259910404 0.9904139041900635 190000
1722259911678 0.9882352948188782 200000
1722259912913 0.9601587057113647 210000
1722259914263 0.9502606391906738 220000
1722259915501 0.9893333315849304 230000
1722259916741 0.9697698354721069 240000
1722259923049 0.9824262261390686 250000
1722259924273 0.9780451059341431 260000
1722259925497 0.989081859588623 270000
1722259926681 0.9784591794013977 280000
1722259927930 0.9739829897880554 290000
1722259929197 0.9874509572982788 300000
1722259935154 0.9903889894485474 310000
1722259936383 0.9786243438720703 320000
1722259937571 0.9899749755859375 330000
1722259938820 1.0 340000
1722259940052 1.0 350000
1722259941280 0.9585714340209961 360000
