1722259885321 0.8618201613426208 70000
1722259886536 0.9224328994750977 80000
1722259887770 0.913246750831604 90000
1722259888966 0.9446291327476501 100000
1722259890179 0.9823076725006104 110000
1722259891379 0.9746031761169434 120000
1722259897551 0.9176082611083984 130000
1722259898805 0.9809091091156006 140000
1722259900035 0.9445720911026001 150000
1722259901289 0.9828571081161499 160000
1722259902579 0.9923076629638672 170000
1722259903884 0.9641233682632446 180000
1722259910394 0.9888888597488403 190000
1722259911668 0.9888889193534851 200000
1722259912904 0.9615440368652344 210000
1722259914254 0.9526373744010925 220000
1722259915491 0.9923076629638672 230000
1722259916729 0.9666666984558105 240000
1722259923040 0.9846590757369995 250000
1722259924263 0.9774999618530273 260000
1722259925487 0.985714316368103 270000
1722259926671 0.9774999618530273 280000
1722259927920 0.9789743423461914 290000
1722259929187 0.9874999523162842 300000
1722259935144 0.9900000095367432 310000
1722259936373 0.9777777791023254 320000
1722259937562 0.9900000095367432 330000
1722259938810 1.0 340000
1722259940043 1.0 350000
1722259941269 0.9624999761581421 360000
