1722259885311 0.40928325057029724 70000
1722259886526 0.2884763777256012 80000
1722259887760 0.23164638876914978 90000
1722259888956 0.16125227510929108 100000
1722259890169 0.07566037774085999 110000
1722259891369 0.0956665500998497 120000
1722259897540 0.17607629299163818 130000
1722259898795 0.08252394944429398 140000
1722259900025 0.10810059309005737 150000
1722259901277 0.07214900106191635 160000
1722259902569 0.07251054793596268 170000
1722259903873 0.19809527695178986 180000
1722259910383 0.08244874328374863 190000
1722259911658 0.06746197491884232 200000
1722259912893 0.13771505653858185 210000
1722259914243 0.14241009950637817 220000
1722259915481 0.041092243045568466 230000
1722259916718 0.04841696098446846 240000
1722259923030 0.07290272414684296 250000
1722259924253 0.07694585621356964 260000
1722259925477 0.03135155513882637 270000
1722259926661 0.056488361209630966 280000
1722259927910 0.1659962236881256 290000
1722259929177 0.03022741712629795 300000
1722259935133 0.020686127245426178 310000
1722259936364 0.04070647805929184 320000
1722259937552 0.031549908220767975 330000
1722259938800 0.01801159791648388 340000
1722259940032 0.029139600694179535 350000
1722259941260 0.10654707252979279 360000
