1722256969388 0.5099378824234009 70000
1722256970590 0.19347025454044342 80000
1722256971776 0.22549402713775635 90000
1722256972975 0.17851413786411285 100000
1722256974186 0.1718619018793106 110000
1722256975375 0.09163708984851837 120000
1722256976678 0.10673821717500687 130000
1722256978035 0.08764895796775818 140000
1722256979297 0.13047447800636292 150000
1722256980518 0.04592771828174591 160000
1722256981756 0.10740432888269424 170000
1722256982988 0.12327584624290466 180000
1722256984287 0.07784897834062576 190000
1722256985495 0.12132567167282104 200000
1722256986718 0.047251373529434204 210000
1722256987975 0.08017264306545258 220000
1722256989193 0.07019379734992981 230000
1722256990443 0.06410497426986694 240000
1722256991712 0.06365246325731277 250000
1722256992982 0.0678282305598259 260000
1722256994446 0.11883240938186646 270000
1722256995671 0.037518225610256195 280000
1722256997022 0.02017809823155403 290000
1722256998388 0.1722908467054367 300000
1722256999797 0.016761701554059982 310000
1722257001193 0.04824550449848175 320000
1722257002570 0.021671049296855927 330000
1722257003953 0.059250373393297195 340000
1722257005322 0.021537255495786667 350000
1722257006673 0.046766042709350586 360000
