1722256969398 0.831969678401947 70000
1722256970600 0.9368506669998169 80000
1722256971786 0.9307997226715088 90000
1722256972985 0.9489743709564209 100000
1722256974196 0.9408657550811768 110000
1722256975386 0.9888889193534851 120000
1722256976688 0.9732167720794678 130000
1722256978046 0.9714646339416504 140000
1722256979307 0.9846153855323792 150000
1722256980528 0.9750000238418579 160000
1722256981765 0.9673870205879211 170000
1722256982998 0.9755244851112366 180000
1722256984297 0.970634937286377 190000
1722256985504 0.9545995593070984 200000
1722256986739 0.9900000095367432 210000
1722256987984 0.9600000381469727 220000
1722256989203 0.9602272510528564 230000
1722256990453 0.9618182182312012 240000
1722256991721 0.9900000095367432 250000
1722256992992 0.9909090995788574 260000
1722256994456 0.9712499976158142 270000
1722256995681 0.9746031761169434 280000
1722256997032 0.992307722568512 290000
1722256998398 0.9900000095367432 300000
1722256999807 1.0 310000
1722257001203 0.9809090495109558 320000
1722257002579 0.9888888597488403 330000
1722257003963 0.9750000238418579 340000
1722257005332 1.0 350000
1722257006683 0.9596154093742371 360000
