1722256969408 0.816334068775177 70000
1722256970610 0.9327042102813721 80000
1722256971796 0.9328047037124634 90000
1722256972995 0.9434754848480225 100000
1722256974205 0.92967689037323 110000
1722256975396 0.989355742931366 120000
1722256976698 0.9705463647842407 130000
1722256978056 0.9678149819374084 140000
1722256979317 0.9784253835678101 150000
1722256980537 0.977904736995697 160000
1722256981776 0.9572769403457642 170000
1722256983009 0.9733230471611023 180000
1722256984306 0.9707370400428772 190000
1722256985513 0.9529320001602173 200000
1722256986751 0.9903889894485474 210000
1722256987994 0.9575909972190857 220000
1722256989212 0.958111047744751 230000
1722256990462 0.9631140232086182 240000
1722256991731 0.9888544678688049 250000
1722256993002 0.9899749159812927 260000
1722256994465 0.9738575220108032 270000
1722256995691 0.9736307263374329 280000
1722256997041 0.9920000433921814 290000
1722256998408 0.9894737005233765 300000
1722256999816 1.0 310000
1722257001214 0.9808840155601501 320000
1722257002589 0.9830065965652466 330000
1722257003972 0.978227972984314 340000
1722257005341 1.0 350000
1722257006693 0.9551176428794861 360000
