1722269322136 0.9434105157852173 80000
1722269324307 0.9513112306594849 100000
1722269326554 0.9371600151062012 120000
1722269329905 0.948180079460144 140000
1722269332177 0.9313231706619263 160000
1722269334360 0.9749019742012024 180000
1722269337580 0.9808652400970459 200000
1722269339673 0.9767856597900391 220000
1722269342172 0.9787499904632568 240000
1722269345426 0.9875940084457397 260000
1722269347560 0.9729395508766174 280000
1722269349687 0.9808332920074463 300000
1722269352838 0.9842104911804199 320000
1722269355004 0.9710665941238403 340000
1722269357348 0.9916666746139526 360000
