1722269322146 0.9379974603652954 80000
1722269324317 0.9485523104667664 100000
1722269326564 0.9342386722564697 120000
1722269329915 0.9431842565536499 140000
1722269332187 0.9313262701034546 160000
1722269334369 0.9788962602615356 180000
1722269337590 0.9792426824569702 200000
1722269339683 0.9771206378936768 220000
1722269342182 0.9793983697891235 240000
1722269345436 0.9889301657676697 260000
1722269347570 0.9668914675712585 280000
1722269349696 0.9805524349212646 300000
1722269352848 0.9843183159828186 320000
1722269355014 0.9660968780517578 340000
1722269357359 0.9923481941223145 360000
