1722269322126 0.26554322242736816 80000
1722269324297 0.2120341807603836 100000
1722269326544 0.16815640032291412 120000
1722269329894 0.14261466264724731 140000
1722269332162 0.24142982065677643 160000
1722269334350 0.07853052020072937 180000
1722269337570 0.08587531745433807 200000
1722269339664 0.12307027727365494 220000
1722269342157 0.06965547800064087 240000
1722269345417 0.05013534426689148 260000
1722269347550 0.0922638326883316 280000
1722269349677 0.06015085056424141 300000
1722269352829 0.065727598965168 320000
1722269354994 0.1191764548420906 340000
1722269357338 0.048168011009693146 360000
