1722269536391 0.9098172187805176 60100
1722269538576 0.9445782899856567 60200
1722269540763 0.9641474485397339 60300
1722269544049 0.9601191282272339 120100
1722269546180 0.9561272263526917 120200
1722269548303 0.9843736886978149 120300
1722269551540 0.9742395281791687 180100
1722269553779 0.9654698371887207 180200
1722269555960 0.9621524214744568 180300
1722269559198 0.9674161076545715 240100
1722269561427 0.9917029738426208 240200
1722269563561 0.9566605687141418 240300
1722269567347 0.9745122194290161 300100
1722269569518 0.9816485643386841 300200
1722269571677 0.9849008321762085 300300
