1722269536380 0.9150440692901611 60100
1722269538567 0.9464975595474243 60200
1722269540754 0.9684728384017944 60300
1722269544039 0.9618769288063049 120100
1722269546171 0.9562111496925354 120200
1722269548294 0.9833333492279053 120300
1722269551529 0.975348711013794 180100
1722269553769 0.9675901532173157 180200
1722269555950 0.9664367437362671 180300
1722269559188 0.9703851342201233 240100
1722269561416 0.9925925731658936 240200
1722269563552 0.955773651599884 240300
1722269567338 0.9766933917999268 300100
1722269569508 0.9854220151901245 300200
1722269571666 0.9848334789276123 300300
