1722269536370 0.27825644612312317 60100
1722269538556 0.22979120910167694 60200
1722269540744 0.17364780604839325 60300
1722269544029 0.11208715289831161 120100
1722269546161 0.1299000382423401 120200
1722269548284 0.09632160514593124 120300
1722269551519 0.12756110727787018 180100
1722269553759 0.0853646844625473 180200
1722269555938 0.13584700226783752 180300
1722269559177 0.09116417169570923 240100
1722269561405 0.04354328289628029 240200
1722269563541 0.1399194300174713 240300
1722269567328 0.0856112465262413 300100
1722269569498 0.07288078963756561 300200
1722269571645 0.04356520622968674 300300
